   2.0962052537634650e-04
   2.1308839416902644e-04
   2.1663356089400055e-04
   2.2025820202465672e-04
   2.2396456835602489e-04
   2.2775498799728968e-04
   2.3163186950348835e-04
   2.3559770515373623e-04
   2.3965507438380323e-04
   2.4380664738126822e-04
   2.4805518885205136e-04
   2.5240356196758109e-04
   2.5685473250247598e-04
   2.6141177317318462e-04
   2.6607786818869632e-04
   2.7085631802512033e-04
   2.7575054443665413e-04
   2.8076409571628231e-04
   2.8590065222034578e-04
   2.9116403217206558e-04
   2.9655819776004959e-04
   3.0208726154885829e-04
   3.0775549321980137e-04
   3.1356732666135178e-04
   3.1952736742981629e-04
   3.2564040060229459e-04
   3.3191139904542133e-04
   3.3834553212497097e-04
   3.4494817488311215e-04
   3.5172491771191756e-04
   3.5868157655372828e-04
   3.6582420366106154e-04
   3.7315909895106991e-04
   3.8069282199199180e-04
   3.8843220466172433e-04
   3.9638436452147605e-04
   4.0455671895060037e-04
   4.1295700009200159e-04
   4.2159327066116422e-04
   4.3047394067575345e-04
   4.3960778516693278e-04
   4.4900396293820043e-04
   4.5867203644241183e-04
   4.6862199285313495e-04
   4.7886426641225956e-04
   4.8940976214212892e-04
   5.0026988101741334e-04
   5.1145654669932045e-04
   5.2298223394298712e-04
   5.3485999879770041e-04
   5.4710351072929410e-04
   5.5972708680455106e-04
   5.7274572808898834e-04
   5.8617515842188290e-04
   6.0003186574615554e-04
   6.1433314618566264e-04
   6.2909715107890743e-04
   6.4434293719605590e-04
   6.6009052038592381e-04
   6.7636093292112152e-04
   6.9317628483329648e-04
   7.1055982955644040e-04
   7.2853603422494060e-04
   7.4713065500450651e-04
   7.6637081786900770e-04
   7.8628510527446033e-04
   8.0690364922383158e-04
   8.2825823126306969e-04
   8.5038239000051669e-04
   8.7331153679916338e-04
   8.9708308035472127e-04
   9.2173656094295890e-04
   9.4731379519802307e-04
   9.7385903237057030e-04
   1.0014191231114170e-03
   1.0300437019344544e-03
   1.0597853846331935e-03
   1.0906999820599664e-03
   1.1228467318274821e-03
   1.1562885496613274e-03
   1.1910923023212149e-03
   1.2273291042214616e-03
   1.2650746401202037e-03
   1.3044095165162704e-03
   1.3454196446961010e-03
   1.3881966587162087e-03
   1.4328383719945750e-03
   1.4794492766238361e-03
   1.5281410900177237e-03
   1.5790333540690285e-03
   1.6322540926422835e-03
   1.6879405339602217e-03
   1.7462399052831446e-03
   1.8073103082421017e-03
   1.8713216842891887e-03
   1.9384568809946172e-03
   2.0089128313776081e-03
   2.0829018601389152e-03
   2.1606531326047234e-03
   2.2424142644409360e-03
   2.3284531128066194e-03
   2.4190597726513456e-03
   2.5145488054001859e-03
   2.6152617314059916e-03
   2.7215698223927993e-03
   2.8338772358038394e-03
   2.9526245396654070e-03
   3.0782926844851884e-03
   3.2114074880629116e-03
   3.3525447102010133e-03
   3.5023358075276247e-03
   3.6614744744334362e-03
   3.8307240950311819e-03
   4.0109262537579241e-03
   4.2030104796063417e-03
   4.4080054320532669e-03
   4.6270517768739090e-03
   4.8614170488493411e-03
   5.1125128579741575e-03
   5.3819148687758219e-03
   5.6713860720774435e-03
   5.9829039791559225e-03
   6.3186925050665857e-03
   6.6812594776236751e-03
   7.0734409196219769e-03
   7.4984535150395193e-03
   7.9599569985685202e-03
   8.4621286185137656e-03
   9.0097523362062740e-03
   9.6083260648313195e-03
   1.0264191044575729e-02
   1.0984688428208725e-02
   1.1778349336733889e-02
   1.2655126048469295e-02
   1.3626673578304171e-02
   1.4706692574654864e-02
   1.5911345927769889e-02
   1.7259762133872477e-02
   1.8774637070704946e-02
   2.0482940080387136e-02
   2.2416715886932538e-02
   2.4613943589658502e-02
   2.7119356092427053e-02
   2.9985021530138545e-02
   3.3270325823097815e-02
   3.7040771966496557e-02
   4.1364783531373996e-02
   4.6307645799988896e-02
   5.1922170675064931e-02
   5.8236947336467143e-02
   6.5244921938827485e-02
   7.2896314558764178e-02
   8.1098970088322689e-02
   8.9726140593723969e-02
   9.8628597498456039e-02
   1.0764706049006574e-01
   1.1662219505195753e-01
   1.2540131196215967e-01
   1.3384217808880450e-01
   1.4181480071423133e-01
   1.4920199378240553e-01
   1.5589930657877571e-01
   1.6181467210092779e-01
   1.6686797024562985e-01
   1.7099059946064346e-01
   1.7412509297068265e-01
   1.7622478576164721e-01
   1.7725352451557050e-01
   1.7718540731921303e-01
   1.7600453898104038e-01
   1.7370478885051077e-01
   1.7028953991285903e-01
   1.6577142001823958e-01
   1.6017200811120311e-01
   1.5352151013972387e-01
   1.4585840091093155e-01
   1.3722902953022631e-01
   1.2768718723384731e-01
   1.1729363742835741e-01
   1.0611560860879356e-01
   9.4226251562023119e-02
   8.1704062890980117e-02
   6.8632277433175085e-02
   5.5098232604312777e-02
   4.1192708083595306e-02
   2.7009244577791205e-02
   1.2643445661267934e-02
  -1.8077331075391308e-03
  -1.6246703443822706e-02
  -3.0575967522545024e-02
  -4.4698840602575389e-02
  -5.8520168604756180e-02
  -7.1947036217392207e-02
  -8.4889461212005995e-02
  -9.7261070814533002e-02
  -1.0897975619433523e-01
  -1.1996830140825435e-01
  -1.3015498347322582e-01
  -1.3947414064396130e-01
  -1.4786670644882169e-01
  -1.5528070759642434e-01
  -1.6167172451960057e-01
  -1.6700331408716748e-01
  -1.7124739490637633e-01
  -1.7438459668234677e-01
  -1.7640457632080853e-01
  -1.7730630488285409e-01
  -1.7709833114498841e-01
  -1.7579902938470449e-01
  -1.7343684105410709e-01
  -1.7005052207428528e-01
  -1.6568940923273551e-01
  -1.6041371986135103e-01
  -1.5429489716579040e-01
  -1.4741600654699136e-01
  -1.3987217111577963e-01
  -1.3177099906149037e-01
  -1.2323288868914865e-01
  -1.1439098165734327e-01
  -1.0539035628276938e-01
  -9.6385819518741270e-02
  -8.7537448850416727e-02
  -7.9003072220010642e-02
  -7.0927512621113784e-02
  -6.3429907353868151e-02
  -5.6592291657894429e-02
  -5.0453477880856634e-02
  -4.5010706050108255e-02
  -4.0228183480993503e-02
  -3.6048940947985851e-02
  -3.2406159672246526e-02
  -2.9231703119504824e-02
  -2.6461391382793190e-02
  -2.4037613972738941e-02
  -2.1910166412268665e-02
  -2.0036072734098669e-02
  -1.8378918218433592e-02
  -1.6908006369297530e-02
  -1.5597508002024585e-02
  -1.4425681198071551e-02
  -1.3374191268380704e-02
  -1.2427534464296406e-02
  -1.1572557500980135e-02
  -1.0798060596987276e-02
  -1.0094471019035158e-02
  -9.4535750599843756e-03
  -8.8682979360916528e-03
  -8.3325227588234001e-03
  -7.8409412886766040e-03
  -7.3889305282418454e-03
  -6.9724503433876688e-03
  -6.5879582302182408e-03
  -6.2323380981791788e-03
  -5.9028405453019333e-03
  -5.5970325869614907e-03
  -5.3127551879373651e-03
  -5.0480872583883963e-03
  -4.8013150233511583e-03
  -4.5709058752157142e-03
  -4.3554859794081345e-03
  -4.1538210332101467e-03
  -3.9647996825934147e-03
  -3.7874191871324308e-03
  -3.6207729924326052e-03
  -3.4640399261919937e-03
  -3.3164747804822980e-03
  -3.1774000810545788e-03
  -3.0461988760152911e-03
  -2.9223084023303121e-03
  -2.8052145103023007e-03
  -2.6944467442358145e-03
  -2.5895739926052740e-03
  -2.4902006336983110e-03
  -2.3959631133478130e-03
  -2.3065269003367775e-03
  -2.2215837726439081e-03
  -2.1408493941266807e-03
  -2.0640611467023250e-03
  -1.9909761877429078e-03
  -1.9213697063774444e-03
  -1.8550333557992532e-03
  -1.7917738415993084e-03
  -1.7314116486606026e-03
  -1.6737798913159865e-03
  -1.6187232733448575e-03
  -1.5660971460055425e-03
  -1.5157666537070806e-03
  -1.4676059581470963e-03
  -1.4214975328077162e-03
  -1.3773315206310494e-03
  -1.3350051485083953e-03
  -1.2944221929291756e-03
  -1.2554924917599663e-03
  -1.2181314976727961e-03
  -1.1822598692249647e-03
  -1.1478030960185249e-03
  -1.1146911547437143e-03
  -1.0828581932432082e-03
  -1.0522422400287917e-03
  -1.0227849369432861e-03
